Multiple size <= 100
TEST 1 ARG:50 76 4 75 8 81 78 46 47 95 20 1 26 30 51 80 58 52 13 33 87 43 49 53 70 73 41 98 6 14 77 7 24 19 48 82 94 85 86 91 59 2 57 0 88 35 3 44 55 9 93 79 21 89 96 97 40 37 18 22 25 17 5 16 56 23 92 72 38 64 36 74 27 60 54 11 69 28 68 62 15 39 84 61 34 66 45 12 83 71 67 90 65 10 42 29 99 31 32 63
TEST 2 ARG:62 83 79 47 5 59 71 69 43 14 80 87 12 8 34 7 39 46 81 88 16 19 70 85 55 48 97 56 42 74 31 33 84 29 36 4 66 41 65 49 72 2 93 27 61 24 60 38 10 17 51 54 44 63 30 3 52 28 35 50 82 23 90 18 58 40 95 73 78 53 21 9 11 91 13 75 32 25 68 67 76 45 77 57 94 98 86 0 20 26 22 92 6 1 89 37 96 64 99 15
TEST 3 ARG:29 23 64 54 51 85 77 65 37 82 62 33 2 31 4 88 39 22 17 7 5 50 45 46 43 25 94 52 89 14 72 73 40 49 57 55 76 19 42 20 80 53 12 90 6 24 86 47 84 99 16 21 38 35 97 63 0 13 32 75 78 41 98 15 93 66 81 10 96 36 48 26 28 8 3 92 69 30 79 74 44 11 68 56 18 58 27 59 83 60 71 95 1 67 91 9 87 34 70 61
TEST 4 ARG:85 61 53 29 39 30 15 27 4 81 58 77 68 80 25 84 33 89 8 46 62 35 11 70 87 95 2 43 67 79 52 19 45 72 66 21 38 56 47 88 37 34 22 26 18 65 31 32 13 93 60 7 23 69 41 59 0 64 16 99 71 3 10 51 44 96 14 12 63 40 24 1 78 6 5 17 54 94 76 82 48 92 50 20 90 9 73 75 74 83 42 97 36 55 91 28 86 49 57 98
TEST 5 ARG:24 19 73 25 56 14 42 70 84 91 13 3 96 44 21 60 80 57 11 12 95 82 48 26 66 27 69 38 64 98 92 32 97 52 5 89 9 4 74 79 23 8 10 33 47 43 59 55 31 62 0 20 16 34 29 49 87 36 94 72 83 45 35 93 78 90 85 41 2 50 54 58 71 67 77 22 63 88 46 1 30 7 86 53 68 18 17 6 28 76 81 51 99 61 65 37 40 39 75 15
TEST 6 ARG:39 79 69 92 46 0 97 93 47 28 48 45 98 50 87 73 43 80 85 70 12 6 25 81 68 44 55 41 96 38 18 84 53 54 65 75 16 27 7 58 4 10 66 8 59 71 21 35 42 24 88 17 14 13 33 9 57 91 52 86 22 40 62 19 30 76 74 89 11 77 72 5 34 3 36 23 95 32 99 31 94 78 26 15 63 83 51 20 56 2 82 64 60 1 61 67 49 37 29 90
TEST 7 ARG:46 54 82 61 45 20 41 74 38 16 40 79 71 89 28 93 95 4 14 84 48 87 7 98 97 81 75 25 5 19 66 86 9 27 76 63 33 6 90 72 1 42 62 80 2 68 21 39 0 44 85 8 64 51 15 49 55 18 12 23 11 31 65 56 17 24 94 96 30 47 70 10 50 99 78 37 88 91 92 59 36 52 57 13 73 58 29 77 69 34 53 67 43 22 60 83 3 35 26 32
TEST 8 ARG:71 62 95 47 57 65 46 60 90 40 37 29 82 1 67 76 8 54 79 43 35 13 15 96 11 14 75 9 6 85 94 77 27 87 81 91 25 32 28 88 70 31 20 44 48 3 24 23 18 63 68 98 51 38 17 42 74 64 7 97 19 55 22 58 69 41 33 52 50 2 10 53 4 0 36 59 26 93 84 49 72 66 16 56 83 12 34 45 61 39 86 73 5 30 89 99 21 92 80 78
TEST 9 ARG:11 23 28 75 39 86 96 36 81 3 93 51 62 19 15 24 14 73 66 42 37 21 38 84 8 58 20 74 17 10 71 64 78 16 92 47 85 4 63 9 83 88 48 52 0 6 53 55 2 22 69 76 60 87 77 30 54 1 27 56 57 49 98 43 7 72 12 41 82 89 18 44 13 45 25 61 29 79 97 26 91 68 94 32 70 99 33 5 35 34 50 65 67 40 59 46 90 31 95 80
TEST 10 ARG:91 4 60 43 18 26 56 83 47 67 16 93 70 9 97 75 2 14 34 84 52 28 27 58 85 8 21 66 44 13 15 22 98 23 24 78 29 88 61 25 77 45 57 6 32 68 99 90 89 49 59 92 95 69 51 74 65 82 48 31 81 33 7 87 37 20 41 0 80 63 72 62 94 46 64 54 71 73 1 10 12 38 3 42 79 5 40 19 50 96 53 17 36 76 35 39 11 30 55 86
TEST 11 ARG:69 4 19 46 53 37 60 17 56 30 14 86 65 97 44 68 74 77 0 11 73 25 32 45 81 64 2 22 88 3 87 9 98 62 29 72 12 40 13 27 39 54 55 31 59 78 26 8 89 66 16 34 43 92 95 76 61 58 38 36 10 7 84 35 28 21 52 83 20 63 51 57 1 48 42 94 49 23 6 18 93 91 75 41 24 15 70 71 67 80 33 90 79 47 5 99 85 82 50 96
TEST 12 ARG:78 19 76 7 34 13 54 66 57 28 31 29 61 15 52 83 27 44 14 6 40 1 90 59 0 21 12 92 48 91 84 49 55 9 16 93 23 3 50 95 87 2 18 67 72 22 38 20 39 96 81 43 51 46 35 89 94 97 65 62 58 25 42 8 80 86 68 63 17 70 24 73 30 85 32 47 45 79 77 36 37 11 71 64 4 10 26 82 5 74 33 69 60 75 88 56 41 98 53 99
TEST 13 ARG:41 18 6 49 20 25 29 60 26 46 28 17 37 51 14 91 27 16 99 43 30 64 53 0 59 22 35 78 54 56 77 23 42 67 68 92 7 83 58 72 65 69 76 15 70 44 80 32 79 85 21 88 2 90 62 33 66 38 19 95 47 97 1 87 84 13 40 45 55 74 52 63 93 48 82 89 81 3 98 4 8 12 94 75 36 39 57 24 71 9 96 61 50 11 34 86 10 73 5 31
TEST 14 ARG:72 89 49 81 40 52 58 92 17 98 43 11 38 63 30 73 50 69 51 6 3 65 48 13 76 90 45 25 28 71 94 24 64 84 70 80 79 44 54 5 62 26 46 20 18 75 15 33 66 31 42 88 77 83 56 91 2 34 39 61 10 78 67 0 55 35 29 19 47 16 12 85 22 23 74 97 68 86 9 93 37 1 7 21 32 96 14 36 8 87 4 82 95 60 53 59 27 41 99 57
TEST 15 ARG:92 66 25 80 98 5 76 78 30 28 7 29 59 17 34 14 38 63 31 22 91 16 93 27 73 82 1 81 61 21 50 79 67 2 55 95 48 3 71 35 19 53 62 64 26 99 40 23 96 11 8 74 4 10 94 65 49 58 60 90 77 84 32 70 44 42 9 83 52 33 0 12 51 68 39 87 46 75 41 13 57 20 37 36 88 47 54 56 18 69 15 86 43 6 72 24 85 89 97 45
TEST 16 ARG:51 93 35 76 32 64 18 66 23 0 45 3 34 59 43 24 79 1 65 9 29 70 14 21 74 54 25 28 87 4 13 61 68 90 52 62 38 30 46 42 27 63 71 12 17 75 88 26 92 67 78 77 15 86 49 7 19 99 55 10 22 41 53 94 40 31 83 98 20 39 48 16 11 96 6 47 33 37 50 85 60 5 57 97 58 44 8 81 95 89 73 36 69 80 72 84 91 82 56 2
TEST 17 ARG:16 36 45 13 33 96 42 34 4 52 73 60 62 12 40 35 37 31 83 5 19 24 67 59 65 9 43 87 49 57 68 53 77 51 70 27 88 80 58 71 78 20 76 7 26 84 48 0 18 64 47 56 89 95 11 39 15 44 28 22 86 66 29 32 82 99 72 46 97 92 74 75 1 91 93 10 38 23 2 21 85 79 50 8 3 17 94 69 41 63 55 90 6 98 61 25 30 54 81 14
TEST 18 ARG:95 65 72 69 36 50 68 35 26 8 45 55 78 84 12 75 94 32 66 29 80 39 57 79 4 2 49 13 0 24 89 52 76 38 23 40 3 21 47 48 73 33 64 77 1 63 25 14 85 51 98 10 54 83 91 59 93 62 86 19 27 37 97 67 6 31 82 87 22 90 56 17 92 20 74 99 70 15 46 41 42 53 96 34 61 71 30 43 28 16 60 44 9 88 58 18 11 7 5 81
TEST 19 ARG:43 91 40 12 6 2 68 41 47 99 38 87 89 20 28 1 15 9 78 48 8 31 14 77 32 50 52 81 86 61 90 45 46 42 58 55 85 11 13 5 97 21 76 72 98 19 7 73 10 84 83 51 30 56 74 37 82 33 49 22 53 0 63 25 17 26 62 80 4 93 18 66 16 96 70 54 35 94 64 75 88 57 44 79 23 36 67 3 24 39 92 95 27 34 71 60 29 59 65 69
TEST 20 ARG:30 93 49 70 57 56 28 40 29 96 25 86 16 34 44 7 78 45 24 35 17 68 59 12 75 98 8 73 5 71 69 83 19 6 54 63 1 81 72 22 47 41 14 32 43 65 79 46 92 87 76 42 37 74 27 10 67 33 99 82 20 52 15 77 48 50 55 36 94 66 18 39 2 4 21 97 91 58 85 61 88 38 60 51 13 9 64 23 26 62 90 84 89 80 31 0 11 3 95 53
TEST 21 ARG:8 58 46 24 26 91 6 86 44 27 50 13 12 48 83 5 42 78 81 45 66 59 54 22 70 19 35 72 87 93 41 1 40 88 0 71 82 28 94 62 89 65 34 74 67 64 57 69 76 30 77 25 11 97 79 23 31 15 4 80 38 39 85 16 52 56 20 53 21 33 96 60 49 99 75 3 68 47 63 43 36 61 17 92 7 55 90 32 9 98 73 29 84 14 37 51 2 95 18 10
TEST 22 ARG:3 11 88 59 94 53 13 81 45 6 24 25 17 58 4 91 22 76 2 92 26 12 29 16 14 51 86 36 0 19 77 31 57 10 39 30 34 74 33 93 82 15 1 96 66 67 21 64 69 18 84 73 38 35 37 83 95 27 61 49 20 41 63 75 60 98 79 40 46 68 32 62 85 97 87 65 71 54 50 42 23 44 8 55 89 43 70 5 9 52 47 48 28 99 7 90 78 80 56 72
TEST 23 ARG:31 79 14 33 91 78 3 20 99 61 16 54 93 83 96 34 98 19 2 92 87 68 22 38 15 81 41 63 18 40 46 95 5 35 17 6 44 24 8 74 70 0 53 21 69 85 89 10 45 64 32 66 62 67 4 49 76 84 73 36 57 59 71 37 88 82 77 29 90 42 28 75 94 43 47 23 48 11 50 9 55 60 27 52 26 1 51 56 72 25 39 12 13 65 30 80 97 7 58 86
TEST 24 ARG:61 18 76 71 94 24 40 26 70 54 73 55 39 34 32 5 3 31 78 41 36 1 7 60 57 45 4 63 9 37 43 75 90 19 74 30 44 92 82 46 23 87 86 77 97 25 15 52 88 35 29 89 10 47 14 33 59 64 8 48 22 65 98 51 68 38 2 53 99 50 6 21 56 95 66 11 20 85 13 67 84 80 49 12 17 27 81 83 16 62 93 91 58 0 96 69 28 42 79 72
TEST 25 ARG:9 70 32 57 40 51 36 99 84 53 92 20 26 44 37 91 33 5 47 11 93 97 25 80 65 2 74 7 6 58 35 73 3 98 64 69 85 46 1 72 8 94 68 12 63 56 28 31 50 22 83 29 17 89 43 48 90 62 59 0 87 81 54 18 71 21 10 49 39 78 45 41 61 38 88 79 27 30 19 77 42 86 66 14 15 82 52 95 34 67 4 23 24 13 96 60 76 75 55 16
TEST 26 ARG:38 26 37 89 8 53 62 92 49 56 28 97 3 71 63 54 0 43 44 6 58 68 86 25 13 83 36 5 17 21 82 7 27 69 73 95 84 74 42 91 87 64 81 98 41 29 47 48 12 20 39 99 15 11 80 70 94 4 77 35 72 1 2 34 65 96 60 32 31 33 46 61 75 10 88 51 57 52 9 14 40 66 67 93 30 76 90 22 78 45 23 19 79 18 16 55 50 85 24 59
TEST 27 ARG:24 63 96 53 73 99 25 89 34 46 44 31 9 20 29 16 8 95 68 74 49 47 93 51 45 75 12 36 22 85 60 33 32 77 13 82 92 7 37 80 61 6 64 86 52 58 97 4 57 5 40 72 79 71 27 78 11 84 50 66 88 69 81 19 39 70 59 42 28 2 15 10 18 0 14 26 1 94 54 98 38 30 35 67 17 87 56 55 62 83 48 65 91 43 23 3 76 21 90 41
TEST 28 ARG:24 90 79 6 78 4 59 15 8 34 75 94 29 51 37 9 97 42 46 22 95 41 25 77 99 89 33 18 69 28 72 50 80 44 27 36 13 52 23 57 5 71 61 55 87 49 16 38 74 67 17 60 45 84 14 43 11 68 82 21 10 19 65 2 1 81 73 35 12 83 32 66 3 7 39 62 54 58 92 63 85 88 91 64 76 70 30 20 98 48 31 53 47 0 40 56 93 86 96 26
TEST 29 ARG:72 6 58 61 22 55 15 34 5 89 74 57 94 47 60 48 16 40 28 90 51 19 76 77 39 91 42 99 65 52 54 41 38 98 83 86 37 11 80 24 7 64 23 93 21 59 31 97 45 66 10 67 1 36 82 29 75 87 4 81 70 84 9 27 69 25 44 62 12 17 96 68 35 78 95 0 33 8 32 92 46 73 79 49 20 50 13 71 53 85 56 3 88 63 43 2 14 30 26 18
TEST 30 ARG:18 47 36 0 73 21 14 96 84 23 6 33 81 67 99 91 41 24 58 62 25 57 31 53 63 80 85 82 79 34 97 50 70 59 78 28 74 94 88 68 30 32 20 45 51 54 48 29 71 72 13 38 66 95 77 55 75 64 3 46 35 37 9 65 7 12 8 92 40 69 44 83 43 90 2 98 87 60 1 61 22 39 89 4 17 26 86 15 76 10 5 42 52 93 11 16 56 27 19 49
TEST 31 ARG:83 25 26 52 33 23 12 84 94 7 59 30 53 48 10 69 28 73 1 45 50 60 81 82 43 80 91 63 46 14 9 89 22 13 18 51 68 11 24 88 2 75 21 16 0 38 31 19 27 39 99 76 70 64 98 86 34 40 87 62 90 96 37 6 36 15 41 20 47 4 67 65 66 97 42 95 32 55 54 85 78 79 49 57 71 56 92 44 61 29 74 3 35 8 5 93 72 77 17 58
TEST 32 ARG:77 73 93 44 16 34 69 55 9 14 91 2 3 65 62 30 27 48 67 6 53 79 75 74 98 70 28 19 26 54 21 5 45 96 66 23 13 82 7 56 88 84 76 1 39 71 25 49 80 10 60 64 31 68 36 46 29 47 37 61 87 78 99 18 22 38 32 43 58 52 95 59 20 15 89 12 8 90 35 92 86 97 40 81 17 72 41 11 50 63 4 85 94 24 33 57 42 51 83 0
TEST 33 ARG:77 6 57 91 15 90 99 33 14 13 23 29 1 93 83 59 78 38 22 65 54 34 18 44 17 56 20 10 30 12 73 79 40 82 2 49 3 27 68 51 25 75 66 60 19 9 28 81 11 63 76 64 43 48 72 62 16 80 24 61 52 42 41 84 87 70 96 35 71 85 0 53 88 45 26 36 7 58 67 86 8 39 89 69 92 55 47 46 95 5 50 94 97 74 32 98 37 31 21 4
TEST 34 ARG:2 84 86 1 15 51 64 53 68 76 27 48 70 23 82 8 49 59 37 97 34 9 21 24 79 5 50 11 16 62 7 39 80 71 72 3 81 73 88 18 46 28 35 55 74 20 32 98 44 94 77 58 54 89 63 69 40 75 67 31 90 99 36 22 30 43 57 4 12 92 83 87 45 47 0 25 66 17 60 38 19 61 10 29 65 41 14 56 33 91 93 96 78 42 13 52 6 95 26 85
TEST 35 ARG:26 46 9 10 30 48 44 84 53 82 57 92 98 60 61 99 33 64 0 21 20 23 54 28 73 41 4 51 14 34 11 40 74 27 6 56 78 88 95 12 42 47 37 72 59 58 65 29 38 39 93 25 85 45 62 97 75 32 13 77 94 83 5 24 31 1 55 43 79 71 90 63 36 19 3 70 68 76 80 7 67 87 89 2 22 18 16 96 52 66 81 8 91 69 15 49 17 50 86 35
TEST 36 ARG:79 83 43 89 19 16 22 73 78 96 60 61 68 12 65 76 88 27 47 80 64 20 48 41 71 53 92 36 4 70 77 95 52 31 23 72 97 66 11 7 3 9 81 50 0 24 99 75 84 93 30 17 63 91 5 74 21 57 58 94 13 29 98 62 25 54 18 46 51 55 32 85 87 1 35 44 14 42 39 26 40 37 56 8 45 82 69 28 38 10 86 2 34 90 49 67 59 6 15 33
TEST 37 ARG:51 36 24 9 26 29 3 35 15 83 25 34 8 32 67 90 68 60 86 96 73 27 54 98 39 2 13 1 38 74 5 89 23 46 65 45 17 56 79 21 66 71 57 88 61 99 80 28 82 16 78 81 58 48 18 7 49 33 4 41 47 95 6 85 59 22 62 76 77 55 50 92 14 12 91 52 19 20 64 84 72 42 44 70 11 0 31 75 37 93 69 63 43 10 30 94 40 87 97 53
TEST 38 ARG:13 99 24 47 25 69 90 15 30 53 17 0 34 92 3 52 21 70 62 97 11 45 29 51 32 38 64 5 87 22 72 78 65 12 48 80 43 77 93 28 54 82 20 79 42 46 19 84 31 35 96 81 36 95 58 55 75 49 14 37 60 10 98 89 86 7 67 74 61 6 40 41 91 44 83 16 56 85 26 23 94 27 50 8 63 59 73 76 39 71 88 18 33 9 68 2 57 4 1 66
TEST 39 ARG:1 78 80 2 50 98 67 62 49 7 26 79 95 86 11 31 36 37 4 34 83 33 27 70 64 5 53 66 94 74 18 21 46 16 22 57 51 10 48 8 85 65 81 35 43 73 13 28 69 77 29 93 47 42 91 63 60 6 17 68 3 14 45 23 54 15 72 92 90 20 41 89 25 96 30 0 12 44 82 58 32 88 61 40 71 76 52 39 75 19 59 99 38 97 55 24 9 84 87 56
TEST 40 ARG:41 18 97 4 25 22 36 8 2 64 44 26 87 29 40 37 5 3 88 19 39 71 32 65 72 79 60 23 38 59 47 82 48 91 1 0 14 96 76 93 81 9 43 83 11 84 42 52 70 6 69 85 20 66 90 98 56 58 7 99 53 67 92 77 35 51 86 54 75 21 10 15 57 27 73 33 50 63 30 16 13 46 55 28 61 62 74 94 12 80 68 95 45 31 78 24 89 17 49 34
TEST 41 ARG:96 91 59 5 16 97 39 2 90 72 36 35 12 65 55 67 95 37 34 66 54 28 76 20 18 40 41 29 47 3 45 51 38 7 42 73 19 14 94 77 80 30 50 0 81 15 79 24 4 64 44 58 27 89 98 61 62 71 10 6 83 93 86 25 74 88 1 99 57 31 33 82 52 85 84 60 56 8 69 46 70 78 63 68 53 49 48 17 32 92 22 87 13 43 11 21 23 75 9 26
TEST 42 ARG:87 85 28 45 61 94 41 82 11 25 72 14 8 12 52 34 95 23 86 81 60 89 56 58 97 84 1 57 47 43 36 68 9 90 16 33 0 46 40 51 26 69 59 80 98 2 5 35 99 27 42 31 20 48 76 29 50 39 10 70 88 54 49 6 74 4 15 37 30 73 18 96 62 77 21 44 17 65 79 83 32 7 66 3 67 63 64 71 24 75 78 38 53 13 22 92 91 93 55 19
TEST 43 ARG:63 0 98 23 30 77 79 13 27 92 93 68 3 24 82 86 67 94 7 9 57 41 37 64 99 71 83 46 78 80 8 59 11 20 55 89 51 70 35 54 33 43 75 32 16 60 28 34 56 73 5 29 26 87 25 88 85 40 4 96 61 6 72 18 2 58 76 45 38 49 97 74 65 15 42 31 39 21 81 95 66 69 19 17 47 14 52 12 48 10 84 90 91 53 50 22 1 36 44 62
TEST 44 ARG:46 14 68 53 91 42 20 4 10 99 18 7 67 27 17 80 13 8 86 5 74 48 21 85 1 50 28 66 22 71 6 93 43 58 69 49 76 36 89 57 25 65 61 60 11 84 45 95 77 54 41 9 88 23 39 55 47 29 79 78 73 83 97 56 87 19 12 92 31 16 72 34 44 82 63 90 24 81 70 37 94 64 98 96 40 62 51 0 35 30 15 59 3 52 32 33 26 2 75 38
TEST 45 ARG:65 41 20 71 74 80 58 28 22 69 39 99 4 49 73 1 72 2 12 79 8 30 78 59 64 9 60 77 48 97 36 34 55 93 40 17 96 47 95 56 75 46 53 16 82 90 76 62 35 81 5 45 25 83 57 51 26 52 13 31 43 7 24 84 92 66 88 89 23 11 3 38 50 54 85 44 63 15 19 91 33 70 37 21 87 32 27 94 86 29 98 61 18 42 0 14 6 10 67 68
TEST 46 ARG:7 16 87 42 94 93 51 43 23 73 17 99 4 47 72 79 97 8 45 39 34 13 63 30 54 52 48 41 37 89 74 1 95 65 6 92 2 83 71 25 88 70 62 64 40 15 84 3 32 31 38 81 20 49 50 36 14 59 18 98 24 35 76 5 57 44 12 27 90 56 26 68 29 82 96 66 61 58 19 77 80 28 75 11 85 86 33 53 21 9 91 60 10 67 22 0 46 69 78 55
TEST 47 ARG:14 52 39 17 37 54 89 75 64 20 48 51 22 16 61 24 98 85 99 49 57 11 46 55 70 53 62 56 31 60 88 19 84 59 10 91 97 68 76 38 2 35 25 94 82 7 4 15 74 42 50 23 58 86 72 5 21 3 95 0 45 27 80 77 18 93 30 36 9 32 44 13 41 29 79 28 73 67 33 34 40 71 8 1 47 69 26 65 6 90 63 43 78 96 92 66 87 12 81 83
TEST 48 ARG:95 78 5 64 52 72 6 70 13 33 50 83 12 28 3 30 43 89 39 9 92 23 2 71 25 48 14 16 97 76 88 67 58 24 68 49 26 27 79 90 81 17 47 80 18 37 40 54 84 51 82 86 73 15 4 45 19 1 31 66 20 59 46 61 10 44 7 63 35 34 99 22 60 11 91 56 21 55 98 65 42 75 32 87 62 69 85 93 96 77 53 74 57 38 36 8 29 94 41 0
TEST 49 ARG:97 32 83 48 5 0 96 55 29 37 57 35 99 81 1 89 24 44 85 75 60 67 92 22 42 50 33 9 53 17 2 95 52 77 12 73 14 41 71 87 36 91 56 13 63 94 38 19 8 40 49 54 58 80 10 31 39 90 79 84 6 70 66 61 72 21 28 59 43 74 7 47 30 18 45 64 69 20 16 86 78 88 4 51 26 65 3 82 23 62 27 25 11 15 93 34 68 46 76 98
TEST 50 ARG:48 50 71 23 61 33 43 64 72 47 37 83 67 82 41 74 93 87 27 9 15 22 30 26 88 91 79 75 17 11 65 21 36 29 46 28 53 66 16 96 56 94 55 49 20 73 7 52 85 62 39 59 70 5 80 99 58 45 54 8 0 63 34 98 19 81 60 38 69 89 95 51 90 1 77 6 86 92 57 2 4 44 13 40 84 32 14 25 31 78 12 18 68 42 97 35 24 3 10 76
TEST 51 ARG:26 31 14 30 5 43 61 44 67 45 35 71 23 78 85 1 38 75 73 7 12 36 60 24 10 81 11 92 46 13 4 64 94 16 98 48 8 93 57 49 29 97 53 74 25 87 37 50 66 32 58 55 0 62 9 42 54 70 3 82 72 20 88 63 59 77 33 83 41 69 65 52 84 95 51 79 90 56 15 34 21 96 76 2 39 19 89 18 68 91 27 6 99 40 80 28 22 47 17 86
TEST 52 ARG:1 69 58 72 81 22 53 78 84 87 63 62 79 49 70 92 99 73 68 4 75 88 50 20 33 65 60 2 55 83 5 98 61 40 37 89 90 64 32 30 52 45 23 57 93 27 14 51 71 96 9 16 67 21 12 44 25 46 34 47 36 35 43 0 6 86 39 80 85 41 76 38 7 82 28 42 10 29 66 11 91 54 8 95 3 77 59 15 94 19 74 97 48 31 26 13 18 17 24 56
TEST 53 ARG:67 13 69 58 77 57 33 27 70 75 38 46 23 26 47 88 21 43 14 2 32 65 15 68 71 20 54 31 96 48 99 51 30 6 74 36 92 5 45 63 50 97 44 55 59 76 24 56 73 61 34 7 10 83 72 3 1 49 94 9 29 8 39 11 85 93 95 79 90 62 60 80 66 89 82 52 35 40 28 16 84 25 4 17 41 18 53 37 22 0 86 12 87 81 64 42 78 19 98 91
TEST 54 ARG:62 35 20 63 8 58 6 61 44 60 65 34 53 38 81 79 78 71 52 74 5 36 72 16 45 0 80 66 54 31 95 99 17 51 27 70 49 87 89 77 23 47 97 57 19 3 46 33 85 59 64 48 10 18 1 41 25 42 91 12 75 14 39 56 40 67 22 92 93 21 83 28 30 84 50 68 24 15 7 73 55 94 4 9 82 86 69 76 11 43 90 32 88 2 26 98 13 96 37 29
TEST 55 ARG:41 5 3 8 23 0 67 71 95 89 97 64 54 36 47 17 13 49 93 2 37 79 52 29 42 48 44 70 68 77 31 21 38 30 20 90 9 16 11 34 32 27 53 83 63 55 35 82 58 81 24 18 92 22 56 87 15 65 66 85 88 33 74 50 98 26 60 40 7 84 4 86 73 1 99 28 43 10 94 14 61 78 96 80 59 76 6 62 25 39 91 19 45 12 51 75 72 46 57 69
TEST 56 ARG:12 14 99 16 83 66 87 7 18 71 68 54 70 22 58 86 9 24 34 47 81 27 31 64 74 52 67 3 76 38 40 30 32 6 56 90 62 89 26 42 8 17 36 93 20 96 82 46 28 75 50 21 49 1 77 55 35 92 37 15 69 5 43 51 53 23 95 13 63 73 39 85 79 19 91 11 84 4 80 57 29 41 10 2 88 33 25 0 65 60 61 78 48 94 59 44 45 97 98 72
TEST 57 ARG:14 61 76 74 45 99 48 42 51 94 82 86 62 63 17 55 27 80 60 71 16 69 98 11 38 58 90 56 46 67 68 88 1 5 22 2 87 49 44 79 39 64 95 8 25 91 66 73 9 41 92 77 85 72 93 24 18 70 50 34 78 97 54 33 89 37 81 65 26 0 47 43 20 96 6 36 23 19 40 4 15 29 7 30 52 35 84 13 59 12 32 3 28 53 75 10 21 31 57 83
TEST 58 ARG:24 29 68 96 31 57 92 39 8 7 6 58 61 46 30 3 88 95 43 99 70 97 28 85 52 69 77 78 5 84 2 23 40 45 38 0 36 65 1 66 12 56 82 59 98 11 20 67 19 79 21 42 55 9 25 17 93 60 33 13 64 90 71 41 4 49 75 16 81 86 91 34 37 44 15 35 89 83 53 32 22 76 63 72 51 10 26 87 14 62 94 54 47 18 73 50 48 80 27 74
TEST 59 ARG:66 85 64 11 74 0 79 38 18 35 54 36 23 76 86 63 25 99 81 61 70 4 98 1 57 94 5 91 15 93 21 80 72 37 10 62 52 13 30 49 8 6 60 59 45 73 69 67 50 44 42 68 84 92 89 88 40 53 34 32 65 29 51 56 75 87 46 24 3 7 19 43 39 33 47 14 97 26 2 9 48 22 17 41 78 27 20 31 82 55 58 77 71 83 28 90 16 96 12 95
TEST 60 ARG:72 78 84 5 28 81 25 76 6 39 35 85 20 87 24 45 99 56 64 57 86 40 95 63 51 33 18 80 82 62 96 2 79 41 34 58 93 26 0 91 38 22 52 48 31 73 92 32 50 69 88 71 9 98 14 89 23 65 70 36 53 68 37 77 4 21 54 44 19 12 60 16 3 10 11 30 59 15 75 1 66 61 42 97 47 43 49 90 94 83 55 13 17 67 8 46 74 7 27 29
TEST 61 ARG:73 15 54 63 25 12 4 65 8 28 66 60 35 21 7 9 68 26 69 83 50 45 33 94 96 31 32 81 0 36 43 71 98 10 78 41 17 86 75 40 77 22 62 85 3 37 18 91 76 70 49 13 67 46 53 92 16 64 2 39 95 44 11 1 52 93 14 27 30 72 58 23 51 97 5 80 38 56 87 29 20 48 57 61 84 55 6 42 99 59 79 19 90 82 89 74 47 88 24 34
TEST 62 ARG:6 46 19 84 55 34 38 66 73 90 58 40 36 97 59 4 75 21 15 71 74 39 18 92 96 68 37 0 25 88 99 1 95 50 54 32 86 49 41 9 72 77 7 51 12 45 93 87 11 31 43 80 62 29 23 67 47 91 42 24 56 57 70 35 28 10 13 52 48 5 14 65 79 63 26 30 83 20 76 27 89 81 61 82 2 69 53 22 8 78 33 85 44 3 98 64 60 17 94 16
TEST 63 ARG:11 79 83 24 53 8 4 38 99 36 1 97 59 12 51 26 28 35 78 40 41 64 22 88 56 63 19 48 74 39 20 90 27 68 67 71 70 82 77 34 25 17 43 42 85 98 92 73 30 47 54 60 50 29 80 14 21 84 75 31 10 94 62 15 0 86 69 9 37 44 66 72 32 55 91 18 7 2 58 65 61 95 23 13 57 3 16 52 33 93 96 46 76 87 5 81 45 89 6 49
TEST 64 ARG:78 39 52 42 36 60 72 77 70 43 79 10 95 57 19 21 2 6 98 86 0 25 83 75 14 97 37 74 41 58 90 84 30 11 87 64 51 4 71 62 40 27 65 22 68 18 7 80 24 38 8 50 67 35 20 92 3 82 49 9 55 56 31 26 48 81 89 73 46 45 44 85 16 91 96 47 93 76 69 17 1 61 59 29 54 99 33 94 23 32 66 15 53 28 13 88 63 34 5 12
TEST 65 ARG:23 25 39 11 55 24 13 97 7 58 59 98 61 74 77 93 15 18 42 84 26 34 5 48 69 73 52 9 53 41 90 71 87 62 63 80 20 94 4 83 65 64 66 43 46 29 28 19 95 92 96 0 40 47 88 70 45 3 86 10 60 35 31 21 79 44 30 32 1 14 99 51 72 6 81 27 89 33 37 68 56 75 78 2 82 54 12 38 76 85 16 50 36 17 91 8 49 57 67 22
TEST 66 ARG:17 87 60 37 26 41 74 65 99 19 76 28 6 52 24 25 20 11 62 43 4 46 7 44 98 86 67 34 40 39 83 78 82 12 33 96 42 70 59 68 49 89 38 77 64 5 69 51 29 3 58 95 2 48 18 93 79 91 36 88 72 92 57 22 47 8 55 10 30 23 31 75 9 16 81 80 1 90 71 84 14 50 97 54 63 32 94 53 61 27 85 15 0 73 21 56 13 45 35 66
TEST 67 ARG:59 90 48 21 95 93 57 28 82 19 43 15 38 20 67 58 40 35 73 12 24 9 51 8 80 78 69 29 88 61 4 71 30 86 76 31 11 23 33 22 70 65 74 53 47 44 25 17 63 52 3 91 10 62 42 14 36 66 46 13 26 85 92 1 49 41 96 94 98 50 89 32 37 56 99 7 34 27 87 75 54 72 84 0 83 39 77 16 97 68 64 2 55 60 18 79 5 81 6 45
TEST 68 ARG:10 52 46 24 12 60 54 37 62 74 83 92 76 87 49 51 30 68 86 0 20 32 98 99 13 48 41 17 89 63 91 3 57 79 9 90 97 45 64 38 43 77 27 39 5 36 11 94 21 22 95 85 1 25 14 58 15 33 31 40 53 55 93 59 8 88 35 84 71 56 75 50 67 78 47 65 28 23 4 7 6 34 18 96 2 72 80 70 69 61 44 19 16 42 82 29 26 73 81 66
TEST 69 ARG:99 29 47 25 19 3 78 46 59 65 73 4 57 55 81 2 37 24 52 50 77 69 14 72 13 44 1 82 95 33 38 39 34 6 61 80 76 22 28 67 66 79 93 63 87 56 18 58 7 36 70 11 53 43 30 10 85 32 45 0 26 8 60 83 68 90 21 41 35 54 89 64 75 86 91 71 9 23 27 74 51 62 42 98 16 48 94 84 17 12 31 15 49 88 97 40 96 20 92 5
TEST 70 ARG:17 62 40 8 47 6 99 18 3 41 45 76 24 88 34 92 83 9 59 95 12 67 79 28 35 90 31 49 37 7 82 10 26 85 74 89 2 72 25 16 71 21 54 64 46 73 13 77 0 87 52 63 78 56 33 81 5 80 50 61 23 14 22 32 39 19 43 93 60 98 96 42 48 29 30 57 1 69 11 38 66 44 55 70 53 86 4 97 58 75 27 51 36 94 91 68 20 84 15 65
TEST 71 ARG:59 2 46 88 80 69 79 28 27 95 91 61 31 40 63 73 7 19 0 18 34 62 9 1 16 4 5 10 23 64 15 32 42 21 25 70 55 60 44 37 38 43 14 86 29 56 3 96 94 36 97 72 74 20 75 13 81 26 65 41 8 52 47 66 50 48 58 45 17 12 35 76 90 49 78 11 85 22 57 39 77 98 82 53 83 99 6 51 71 68 93 33 89 30 54 92 87 84 67 24
TEST 72 ARG:86 91 26 65 54 71 84 48 30 95 39 70 74 64 50 45 10 61 35 67 5 49 32 22 78 93 99 27 44 1 92 58 77 66 13 16 81 4 90 80 12 7 2 19 56 0 11 51 85 83 57 94 47 79 53 98 8 72 28 21 52 88 23 63 24 89 15 82 59 76 75 62 46 40 36 41 18 97 87 69 42 17 9 6 55 20 43 14 96 34 29 60 3 33 25 73 37 31 68 38
TEST 73 ARG:78 92 43 39 44 29 66 36 6 21 86 3 53 73 46 1 76 9 49 48 69 57 45 81 11 12 31 30 83 71 54 62 47 18 61 79 56 59 33 94 13 58 32 60 17 98 19 41 90 51 68 2 52 16 10 25 8 38 22 82 24 37 5 67 85 15 55 26 40 91 75 96 50 65 34 70 87 84 93 23 28 0 97 80 72 88 20 77 35 95 14 74 4 89 7 63 64 99 27 42
TEST 74 ARG:35 71 67 19 81 48 11 90 51 95 73 44 38 64 93 66 14 87 5 49 18 50 78 16 60 28 82 6 74 30 4 24 20 65 85 76 55 80 15 9 63 57 97 42 3 1 99 13 17 10 23 29 21 43 40 34 53 52 39 36 47 27 84 7 61 77 58 68 25 33 8 62 92 37 96 26 89 86 69 91 83 22 2 12 70 45 56 54 98 88 79 46 94 32 59 31 0 41 75 72
TEST 75 ARG:16 55 39 22 19 49 23 71 26 51 98 14 25 29 87 91 79 15 54 86 78 53 12 94 18 42 20 7 58 6 57 28 95 69 11 62 46 85 97 72 82 96 59 50 61 84 36 0 5 40 83 89 33 67 99 27 31 76 13 56 93 30 74 70 34 80 3 64 37 88 47 41 4 52 60 8 77 35 63 2 65 38 48 9 17 81 45 90 10 92 66 44 32 68 24 1 73 43 21 75
TEST 76 ARG:76 12 85 67 45 42 9 98 22 93 31 0 14 72 35 20 99 36 52 38 75 84 82 28 10 96 8 88 97 46 37 29 95 27 4 57 64 54 25 77 3 33 34 40 80 81 39 41 13 21 51 61 53 73 59 65 58 74 23 7 56 17 86 89 1 2 30 24 69 6 32 92 50 78 5 71 18 15 70 16 62 44 11 26 90 94 55 60 47 43 83 63 19 66 79 68 49 87 48 91
TEST 77 ARG:78 34 90 24 60 36 85 77 50 12 96 63 3 25 81 97 44 38 4 89 84 95 53 47 82 69 86 8 74 29 58 66 48 20 28 1 62 17 11 41 33 91 19 16 75 30 64 49 39 5 32 43 87 80 68 18 93 73 13 31 10 88 2 52 42 45 35 21 55 98 22 56 65 26 61 67 14 70 57 23 0 76 92 99 15 7 54 37 59 6 9 72 51 79 71 94 40 83 27 46
